# X[-56750.0000, 56750.0000]
# Y[-56750.0000, 59500.0000]
# size[116250.0000, 113500.0000]
# lines=0, arcs=0, circles=5, polylines=72

# import-dxf generated script file.
Grid mic 1 off;
Set Wire_Bend 2;
Change Font Vector;
Change Width 0.00;
Layer  20;

# polyline 0
Wire (-4500.00 -56750.00) (-1500.00 -56750.00);
Wire (-1500.00 -56750.00) (-1500.00 -53750.00);
Wire (-1500.00 -53750.00) (-1500.00 -50750.00);
Wire (-1500.00 -50750.00) (-4500.00 -50750.00);
Wire (-4500.00 -50750.00) (-4500.00 -56750.00);

# polyline 1
Wire (1500.00 -56750.00) (1500.00 -53750.00);
Wire (1500.00 -53750.00) (1500.00 -50750.00);
Wire (1500.00 -50750.00) (4500.00 -50750.00);
Wire (4500.00 -50750.00) (4500.00 -56750.00);
Wire (4500.00 -56750.00) (1500.00 -56750.00);

# polyline 2
Wire (8788.40 -50185.42) (11686.18 -49408.96);
Wire (11686.18 -49408.96) (12462.63 -52306.74);
Wire (12462.63 -52306.74) (13239.09 -55204.52);
Wire (13239.09 -55204.52) (10341.31 -55980.98);
Wire (10341.31 -55980.98) (8788.40 -50185.42);

# polyline 3
Wire (14583.96 -48632.51) (17481.73 -47856.05);
Wire (17481.73 -47856.05) (19034.65 -53651.60);
Wire (19034.65 -53651.60) (16136.87 -54428.06);
Wire (16136.87 -54428.06) (15360.41 -51530.28);
Wire (15360.41 -51530.28) (14583.96 -48632.51);

# polyline 4
Wire (-17481.73 -47856.05) (-14583.96 -48632.51);
Wire (-14583.96 -48632.51) (-15360.41 -51530.28);
Wire (-15360.41 -51530.28) (-16136.87 -54428.06);
Wire (-16136.87 -54428.06) (-19034.65 -53651.60);
Wire (-19034.65 -53651.60) (-17481.73 -47856.05);

# polyline 5
Wire (-12462.63 -52306.74) (-13239.09 -55204.52);
Wire (-13239.09 -55204.52) (-10341.31 -55980.98);
Wire (-10341.31 -55980.98) (-8788.40 -50185.42);
Wire (-8788.40 -50185.42) (-11686.18 -49408.96);
Wire (-11686.18 -49408.96) (-12462.63 -52306.74);

# polyline 6
Wire (-24075.96 -44700.79) (-21477.89 -46200.79);
Wire (-21477.89 -46200.79) (-24477.89 -51396.94);
Wire (-24477.89 -51396.94) (-27075.96 -49896.94);
Wire (-27075.96 -49896.94) (-25575.96 -47298.87);
Wire (-25575.96 -47298.87) (-24075.96 -44700.79);

# polyline 7
Wire (21477.89 -46200.79) (24075.96 -44700.79);
Wire (24075.96 -44700.79) (25575.96 -47298.87);
Wire (25575.96 -47298.87) (27075.96 -49896.94);
Wire (27075.96 -49896.94) (24477.89 -51396.94);
Wire (24477.89 -51396.94) (21477.89 -46200.79);

# polyline 8
Wire (26674.04 -43200.79) (29272.11 -41700.79);
Wire (29272.11 -41700.79) (32272.11 -46896.94);
Wire (32272.11 -46896.94) (29674.04 -48396.94);
Wire (29674.04 -48396.94) (28174.04 -45798.87);
Wire (28174.04 -45798.87) (26674.04 -43200.79);

# polyline 9
Wire (34825.01 -36946.33) (36946.33 -39067.65);
Wire (36946.33 -39067.65) (39067.65 -41188.97);
Wire (39067.65 -41188.97) (36946.33 -43310.29);
Wire (36946.33 -43310.29) (32703.69 -39067.65);
Wire (32703.69 -39067.65) (34825.01 -36946.33);

# polyline 10
Wire (36946.33 -34825.01) (39067.65 -32703.69);
Wire (39067.65 -32703.69) (43310.29 -36946.33);
Wire (43310.29 -36946.33) (41188.97 -39067.65);
Wire (41188.97 -39067.65) (39067.65 -36946.33);
Wire (39067.65 -36946.33) (36946.33 -34825.01);

# polyline 11
Wire (41700.79 -29272.11) (43200.79 -26674.04);
Wire (43200.79 -26674.04) (45798.87 -28174.04);
Wire (45798.87 -28174.04) (48396.94 -29674.04);
Wire (48396.94 -29674.04) (46896.94 -32272.11);
Wire (46896.94 -32272.11) (41700.79 -29272.11);

# polyline 12
Wire (46200.79 -21477.89) (51396.94 -24477.89);
Wire (51396.94 -24477.89) (49896.94 -27075.96);
Wire (49896.94 -27075.96) (47298.87 -25575.96);
Wire (47298.87 -25575.96) (44700.79 -24075.96);
Wire (44700.79 -24075.96) (46200.79 -21477.89);

# polyline 13
Wire (53651.60 -19034.65) (54428.06 -16136.87);
Wire (54428.06 -16136.87) (51530.28 -15360.41);
Wire (51530.28 -15360.41) (48632.51 -14583.96);
Wire (48632.51 -14583.96) (47856.05 -17481.73);
Wire (47856.05 -17481.73) (53651.60 -19034.65);

# polyline 14
Wire (50185.42 -8788.40) (55980.98 -10341.31);
Wire (55980.98 -10341.31) (55204.52 -13239.09);
Wire (55204.52 -13239.09) (52306.74 -12462.63);
Wire (52306.74 -12462.63) (49408.96 -11686.18);
Wire (49408.96 -11686.18) (50185.42 -8788.40);

# polyline 15
Wire (56750.00 -4500.00) (56750.00 -1500.00);
Wire (56750.00 -1500.00) (53750.00 -1500.00);
Wire (53750.00 -1500.00) (50750.00 -1500.00);
Wire (50750.00 -1500.00) (50750.00 -4500.00);
Wire (50750.00 -4500.00) (56750.00 -4500.00);

# polyline 16
Wire (50750.00 1500.00) (50750.00 4500.00);
Wire (50750.00 4500.00) (56750.00 4500.00);
Wire (56750.00 4500.00) (56750.00 1500.00);
Wire (56750.00 1500.00) (53750.00 1500.00);
Wire (53750.00 1500.00) (50750.00 1500.00);

# polyline 17
Wire (47856.05 17481.73) (53651.60 19034.65);
Wire (53651.60 19034.65) (54428.06 16136.87);
Wire (54428.06 16136.87) (51530.28 15360.41);
Wire (51530.28 15360.41) (48632.51 14583.96);
Wire (48632.51 14583.96) (47856.05 17481.73);

# polyline 18
Wire (55204.52 13239.09) (52306.74 12462.63);
Wire (52306.74 12462.63) (49408.96 11686.18);
Wire (49408.96 11686.18) (50185.42 8788.40);
Wire (50185.42 8788.40) (55980.98 10341.31);
Wire (55980.98 10341.31) (55204.52 13239.09);

# polyline 19
Wire (44700.79 24075.96) (47298.87 25575.96);
Wire (47298.87 25575.96) (49896.94 27075.96);
Wire (49896.94 27075.96) (51396.94 24477.89);
Wire (51396.94 24477.89) (46200.79 21477.89);
Wire (46200.79 21477.89) (44700.79 24075.96);

# polyline 20
Wire (43200.79 26674.04) (41700.79 29272.11);
Wire (41700.79 29272.11) (46896.94 32272.11);
Wire (46896.94 32272.11) (48396.94 29674.04);
Wire (48396.94 29674.04) (45798.87 28174.04);
Wire (45798.87 28174.04) (43200.79 26674.04);

# polyline 21
Wire (39067.65 32703.69) (36946.33 34825.01);
Wire (36946.33 34825.01) (39067.65 36946.33);
Wire (39067.65 36946.33) (41188.97 39067.65);
Wire (41188.97 39067.65) (43310.29 36946.33);
Wire (43310.29 36946.33) (39067.65 32703.69);

# polyline 22
Wire (32703.69 39067.65) (36946.33 43310.29);
Wire (36946.33 43310.29) (39067.65 41188.97);
Wire (39067.65 41188.97) (36946.33 39067.65);
Wire (36946.33 39067.65) (34825.01 36946.33);
Wire (34825.01 36946.33) (32703.69 39067.65);

# polyline 23
Wire (21477.89 46200.79) (24477.89 51396.94);
Wire (24477.89 51396.94) (27075.96 49896.94);
Wire (27075.96 49896.94) (25575.96 47298.87);
Wire (25575.96 47298.87) (24075.96 44700.79);
Wire (24075.96 44700.79) (21477.89 46200.79);

# polyline 24
Wire (26674.04 43200.79) (28174.04 45798.87);
Wire (28174.04 45798.87) (29674.04 48396.94);
Wire (29674.04 48396.94) (32272.11 46896.94);
Wire (32272.11 46896.94) (29272.11 41700.79);
Wire (29272.11 41700.79) (26674.04 43200.79);

# polyline 25
Wire (15360.41 51530.28) (16136.87 54428.06);
Wire (16136.87 54428.06) (19034.65 53651.60);
Wire (19034.65 53651.60) (17481.73 47856.05);
Wire (17481.73 47856.05) (14583.96 48632.51);
Wire (14583.96 48632.51) (15360.41 51530.28);

# polyline 26
Wire (11686.18 49408.96) (8788.40 50185.42);
Wire (8788.40 50185.42) (10341.31 55980.98);
Wire (10341.31 55980.98) (13239.09 55204.52);
Wire (13239.09 55204.52) (12462.63 52306.74);
Wire (12462.63 52306.74) (11686.18 49408.96);

# polyline 27
Wire (1500.00 50750.00) (1500.00 53750.00);
Wire (1500.00 53750.00) (1500.00 56750.00);
Wire (1500.00 56750.00) (4500.00 56750.00);
Wire (4500.00 56750.00) (4500.00 50750.00);
Wire (4500.00 50750.00) (1500.00 50750.00);

# polyline 28
Wire (-4500.00 50750.00) (-4500.00 56750.00);
Wire (-4500.00 56750.00) (-1500.00 56750.00);
Wire (-1500.00 56750.00) (-1500.00 53750.00);
Wire (-1500.00 53750.00) (-1500.00 50750.00);
Wire (-1500.00 50750.00) (-4500.00 50750.00);

# polyline 29
Wire (-10341.31 55980.98) (-13239.09 55204.52);
Wire (-13239.09 55204.52) (-12462.63 52306.74);
Wire (-12462.63 52306.74) (-11686.18 49408.96);
Wire (-11686.18 49408.96) (-8788.40 50185.42);
Wire (-8788.40 50185.42) (-10341.31 55980.98);

# polyline 30
Wire (-14583.96 48632.51) (-17481.73 47856.05);
Wire (-17481.73 47856.05) (-19034.65 53651.60);
Wire (-19034.65 53651.60) (-16136.87 54428.06);
Wire (-16136.87 54428.06) (-15360.41 51530.28);
Wire (-15360.41 51530.28) (-14583.96 48632.51);

# polyline 31
Wire (-29272.11 41700.79) (-32272.11 46896.94);
Wire (-32272.11 46896.94) (-29674.04 48396.94);
Wire (-29674.04 48396.94) (-28174.04 45798.87);
Wire (-28174.04 45798.87) (-26674.04 43200.79);
Wire (-26674.04 43200.79) (-29272.11 41700.79);

# polyline 32
Wire (-24075.96 44700.79) (-25575.96 47298.87);
Wire (-25575.96 47298.87) (-27075.96 49896.94);
Wire (-27075.96 49896.94) (-24477.89 51396.94);
Wire (-24477.89 51396.94) (-21477.89 46200.79);
Wire (-21477.89 46200.79) (-24075.96 44700.79);

# polyline 33
Wire (-39067.65 41188.97) (-36946.33 39067.65);
Wire (-36946.33 39067.65) (-34825.01 36946.33);
Wire (-34825.01 36946.33) (-32703.69 39067.65);
Wire (-32703.69 39067.65) (-36946.33 43310.29);
Wire (-36946.33 43310.29) (-39067.65 41188.97);

# polyline 34
Wire (-39067.65 32703.69) (-43310.29 36946.33);
Wire (-43310.29 36946.33) (-41188.97 39067.65);
Wire (-41188.97 39067.65) (-39067.65 36946.33);
Wire (-39067.65 36946.33) (-36946.33 34825.01);
Wire (-36946.33 34825.01) (-39067.65 32703.69);

# polyline 35
Wire (-46200.79 21477.89) (-51396.94 24477.89);
Wire (-51396.94 24477.89) (-49896.94 27075.96);
Wire (-49896.94 27075.96) (-47298.87 25575.96);
Wire (-47298.87 25575.96) (-44700.79 24075.96);
Wire (-44700.79 24075.96) (-46200.79 21477.89);

# polyline 36
Wire (-43200.79 26674.04) (-45798.87 28174.04);
Wire (-45798.87 28174.04) (-48396.94 29674.04);
Wire (-48396.94 29674.04) (-46896.94 32272.11);
Wire (-46896.94 32272.11) (-41700.79 29272.11);
Wire (-41700.79 29272.11) (-43200.79 26674.04);

# polyline 37
Wire (-53651.60 19034.65) (-54428.06 16136.87);
Wire (-54428.06 16136.87) (-51530.28 15360.41);
Wire (-51530.28 15360.41) (-48632.51 14583.96);
Wire (-48632.51 14583.96) (-47856.05 17481.73);
Wire (-47856.05 17481.73) (-53651.60 19034.65);

# polyline 38
Wire (-50185.42 8788.40) (-55980.98 10341.31);
Wire (-55980.98 10341.31) (-55204.52 13239.09);
Wire (-55204.52 13239.09) (-52306.74 12462.63);
Wire (-52306.74 12462.63) (-49408.96 11686.18);
Wire (-49408.96 11686.18) (-50185.42 8788.40);

# polyline 39
Wire (-50750.00 -4500.00) (-56750.00 -4500.00);
Wire (-56750.00 -4500.00) (-56750.00 -1500.00);
Wire (-56750.00 -1500.00) (-53750.00 -1500.00);
Wire (-53750.00 -1500.00) (-50750.00 -1500.00);
Wire (-50750.00 -1500.00) (-50750.00 -4500.00);

# polyline 40
Wire (-50750.00 4500.00) (-50750.00 1500.00);
Wire (-50750.00 1500.00) (-53750.00 1500.00);
Wire (-53750.00 1500.00) (-56750.00 1500.00);
Wire (-56750.00 1500.00) (-56750.00 4500.00);
Wire (-56750.00 4500.00) (-50750.00 4500.00);

# polyline 41
Wire (-55204.52 -13239.09) (-52306.74 -12462.63);
Wire (-52306.74 -12462.63) (-49408.96 -11686.18);
Wire (-49408.96 -11686.18) (-50185.42 -8788.40);
Wire (-50185.42 -8788.40) (-55980.98 -10341.31);
Wire (-55980.98 -10341.31) (-55204.52 -13239.09);

# polyline 42
Wire (-51530.28 -15360.41) (-54428.06 -16136.87);
Wire (-54428.06 -16136.87) (-53651.60 -19034.65);
Wire (-53651.60 -19034.65) (-47856.05 -17481.73);
Wire (-47856.05 -17481.73) (-48632.51 -14583.96);
Wire (-48632.51 -14583.96) (-51530.28 -15360.41);

# polyline 43
Wire (-48396.94 -29674.04) (-45798.87 -28174.04);
Wire (-45798.87 -28174.04) (-43200.79 -26674.04);
Wire (-43200.79 -26674.04) (-41700.79 -29272.11);
Wire (-41700.79 -29272.11) (-46896.94 -32272.11);
Wire (-46896.94 -32272.11) (-48396.94 -29674.04);

# polyline 44
Wire (-49896.94 -27075.96) (-47298.87 -25575.96);
Wire (-47298.87 -25575.96) (-44700.79 -24075.96);
Wire (-44700.79 -24075.96) (-46200.79 -21477.89);
Wire (-46200.79 -21477.89) (-51396.94 -24477.89);
Wire (-51396.94 -24477.89) (-49896.94 -27075.96);

# polyline 45
Wire (-41188.97 -39067.65) (-39067.65 -36946.33);
Wire (-39067.65 -36946.33) (-36946.33 -34825.01);
Wire (-36946.33 -34825.01) (-39067.65 -32703.69);
Wire (-39067.65 -32703.69) (-43310.29 -36946.33);
Wire (-43310.29 -36946.33) (-41188.97 -39067.65);

# polyline 46
Wire (-39067.65 -41188.97) (-36946.33 -39067.65);
Wire (-36946.33 -39067.65) (-34825.01 -36946.33);
Wire (-34825.01 -36946.33) (-32703.69 -39067.65);
Wire (-32703.69 -39067.65) (-36946.33 -43310.29);
Wire (-36946.33 -43310.29) (-39067.65 -41188.97);

# polyline 47
Wire (-29272.11 -41700.79) (-26674.04 -43200.79);
Wire (-26674.04 -43200.79) (-28174.04 -45798.87);
Wire (-28174.04 -45798.87) (-29674.04 -48396.94);
Wire (-29674.04 -48396.94) (-32272.11 -46896.94);
Wire (-32272.11 -46896.94) (-29272.11 -41700.79);

# polyline 48
Wire (-32634.34 33000.00) (32634.34 33000.00);
Wire (32634.34 33000.00) -49.37 (36429.03 31255.81);
Wire (36429.03 31255.81) -81.26 (36429.03 -31255.81);
Wire (36429.03 -31255.81) -49.37 (32634.34 -33000.00);
Wire (32634.34 -33000.00) (-32634.34 -33000.00);
Wire (-32634.34 -33000.00) -49.37 (-36429.03 -31255.81);
Wire (-36429.03 -31255.81) -81.26 (-36429.03 31255.81);
Wire (-36429.03 31255.81) -49.37 (-32634.34 33000.00);

# polyline 49
Wire (12462.63 -52306.74) (11686.18 -49408.96);
Wire (11686.18 -49408.96) (8788.40 -50185.42);
Wire (8788.40 -50185.42) (10341.31 -55980.98);
Wire (10341.31 -55980.98) (13239.09 -55204.52);
Wire (13239.09 -55204.52) (12462.63 -52306.74);

# polyline 50
Wire (-15360.41 -51530.28) (-16136.87 -54428.06);
Wire (-16136.87 -54428.06) (-19034.65 -53651.60);
Wire (-19034.65 -53651.60) (-17481.73 -47856.05);
Wire (-17481.73 -47856.05) (-14583.96 -48632.51);
Wire (-14583.96 -48632.51) (-15360.41 -51530.28);

# polyline 51
Wire (25575.96 -47298.87) (24075.96 -44700.79);
Wire (24075.96 -44700.79) (21477.89 -46200.79);
Wire (21477.89 -46200.79) (24477.89 -51396.94);
Wire (24477.89 -51396.94) (27075.96 -49896.94);
Wire (27075.96 -49896.94) (25575.96 -47298.87);

# polyline 52
Wire (36946.33 -39067.65) (34825.01 -36946.33);
Wire (34825.01 -36946.33) (32703.69 -39067.65);
Wire (32703.69 -39067.65) (36946.33 -43310.29);
Wire (36946.33 -43310.29) (39067.65 -41188.97);
Wire (39067.65 -41188.97) (36946.33 -39067.65);

# polyline 53
Wire (45798.87 -28174.04) (43200.79 -26674.04);
Wire (43200.79 -26674.04) (41700.79 -29272.11);
Wire (41700.79 -29272.11) (46896.94 -32272.11);
Wire (46896.94 -32272.11) (48396.94 -29674.04);
Wire (48396.94 -29674.04) (45798.87 -28174.04);

# polyline 54
Wire (51530.28 -15360.41) (54428.06 -16136.87);
Wire (54428.06 -16136.87) (53651.60 -19034.65);
Wire (53651.60 -19034.65) (47856.05 -17481.73);
Wire (47856.05 -17481.73) (48632.51 -14583.96);
Wire (48632.51 -14583.96) (51530.28 -15360.41);

# polyline 55
Wire (53750.00 -1500.00) (56750.00 -1500.00);
Wire (56750.00 -1500.00) (56750.00 -4500.00);
Wire (56750.00 -4500.00) (50750.00 -4500.00);
Wire (50750.00 -4500.00) (50750.00 -1500.00);
Wire (50750.00 -1500.00) (53750.00 -1500.00);

# polyline 56
Wire (52306.74 12462.63) (55204.52 13239.09);
Wire (55204.52 13239.09) (55980.98 10341.31);
Wire (55980.98 10341.31) (50185.42 8788.40);
Wire (50185.42 8788.40) (49408.96 11686.18);
Wire (49408.96 11686.18) (52306.74 12462.63);

# polyline 57
Wire (47298.87 25575.96) (49896.94 27075.96);
Wire (49896.94 27075.96) (51396.94 24477.89);
Wire (51396.94 24477.89) (46200.79 21477.89);
Wire (46200.79 21477.89) (44700.79 24075.96);
Wire (44700.79 24075.96) (47298.87 25575.96);

# polyline 58
Wire (39067.65 36946.33) (36946.33 34825.01);
Wire (36946.33 34825.01) (39067.65 32703.69);
Wire (39067.65 32703.69) (43310.29 36946.33);
Wire (43310.29 36946.33) (41188.97 39067.65);
Wire (41188.97 39067.65) (39067.65 36946.33);

# polyline 59
Wire (28174.04 45798.87) (26674.04 43200.79);
Wire (26674.04 43200.79) (29272.11 41700.79);
Wire (29272.11 41700.79) (32272.11 46896.94);
Wire (32272.11 46896.94) (29674.04 48396.94);
Wire (29674.04 48396.94) (28174.04 45798.87);

# polyline 60
Wire (15360.41 51530.28) (14583.96 48632.51);
Wire (14583.96 48632.51) (17481.73 47856.05);
Wire (17481.73 47856.05) (19034.65 53651.60);
Wire (19034.65 53651.60) (16136.87 54428.06);
Wire (16136.87 54428.06) (15360.41 51530.28);

# polyline 61
Wire (1500.00 53750.00) (1500.00 50750.00);
Wire (1500.00 50750.00) (4500.00 50750.00);
Wire (4500.00 50750.00) (4500.00 56750.00);
Wire (4500.00 56750.00) (1500.00 56750.00);
Wire (1500.00 56750.00) (1500.00 53750.00);

# polyline 62
Wire (-12462.63 52306.74) (-13239.09 55204.52);
Wire (-13239.09 55204.52) (-10341.31 55980.98);
Wire (-10341.31 55980.98) (-8788.40 50185.42);
Wire (-8788.40 50185.42) (-11686.18 49408.96);
Wire (-11686.18 49408.96) (-12462.63 52306.74);

# polyline 63
Wire (-25575.96 47298.87) (-24075.96 44700.79);
Wire (-24075.96 44700.79) (-21477.89 46200.79);
Wire (-21477.89 46200.79) (-24477.89 51396.94);
Wire (-24477.89 51396.94) (-27075.96 49896.94);
Wire (-27075.96 49896.94) (-25575.96 47298.87);

# polyline 64
Wire (-36946.33 39067.65) (-39067.65 41188.97);
Wire (-39067.65 41188.97) (-36946.33 43310.29);
Wire (-36946.33 43310.29) (-32703.69 39067.65);
Wire (-32703.69 39067.65) (-34825.01 36946.33);
Wire (-34825.01 36946.33) (-36946.33 39067.65);

# polyline 65
Wire (-45798.87 28174.04) (-43200.79 26674.04);
Wire (-43200.79 26674.04) (-41700.79 29272.11);
Wire (-41700.79 29272.11) (-46896.94 32272.11);
Wire (-46896.94 32272.11) (-48396.94 29674.04);
Wire (-48396.94 29674.04) (-45798.87 28174.04);

# polyline 66
Wire (-51530.28 15360.41) (-54428.06 16136.87);
Wire (-54428.06 16136.87) (-53651.60 19034.65);
Wire (-53651.60 19034.65) (-47856.05 17481.73);
Wire (-47856.05 17481.73) (-48632.51 14583.96);
Wire (-48632.51 14583.96) (-51530.28 15360.41);

# polyline 67
Wire (-53750.00 1500.00) (-50750.00 1500.00);
Wire (-50750.00 1500.00) (-50750.00 4500.00);
Wire (-50750.00 4500.00) (-56750.00 4500.00);
Wire (-56750.00 4500.00) (-56750.00 1500.00);
Wire (-56750.00 1500.00) (-53750.00 1500.00);

# polyline 68
Wire (-52306.74 -12462.63) (-55204.52 -13239.09);
Wire (-55204.52 -13239.09) (-55980.98 -10341.31);
Wire (-55980.98 -10341.31) (-50185.42 -8788.40);
Wire (-50185.42 -8788.40) (-49408.96 -11686.18);
Wire (-49408.96 -11686.18) (-52306.74 -12462.63);

# polyline 69
Wire (-47298.87 -25575.96) (-49896.94 -27075.96);
Wire (-49896.94 -27075.96) (-51396.94 -24477.89);
Wire (-51396.94 -24477.89) (-46200.79 -21477.89);
Wire (-46200.79 -21477.89) (-44700.79 -24075.96);
Wire (-44700.79 -24075.96) (-47298.87 -25575.96);

# polyline 70
Wire (-39067.65 -36946.33) (-41188.97 -39067.65);
Wire (-41188.97 -39067.65) (-43310.29 -36946.33);
Wire (-43310.29 -36946.33) (-39067.65 -32703.69);
Wire (-39067.65 -32703.69) (-36946.33 -34825.01);
Wire (-36946.33 -34825.01) (-39067.65 -36946.33);

# polyline 71
Wire (-28174.04 -45798.87) (-26674.04 -43200.79);
Wire (-26674.04 -43200.79) (-29272.11 -41700.79);
Wire (-29272.11 -41700.79) (-32272.11 -46896.94);
Wire (-32272.11 -46896.94) (-29674.04 -48396.94);
Wire (-29674.04 -48396.94) (-28174.04 -45798.87);

# circle 0
Circle (0.00 0.00) (0.00 59500.00);

# circle 1
Circle (-22634.34 38000.00) (-22634.34 39600.00);

# circle 2
Circle (22634.34 38000.00) (22634.34 39600.00);

# circle 3
Circle (22634.34 -38000.00) (22634.34 -36400.00);

# circle 4
Circle (-22634.34 -38000.00) (-22634.34 -36400.00);

Window Fit;
Grid last;
